# n [fm^{-3}]             rho [MeV fm^{-3}]        P_min [MeV fm^{-3}]      P_max [MeV fm^{-3}]      eps_min  [MeV fm^{-3}]   eps_max [MeV fm^{-3}]
1.000000000000000021e-03 9.395650000000002056e-01 4.794630806064988657e-04 5.604777507195417416e-04 9.402803744356300619e-01 9.403769594976281176e-01
4.222222222222222696e-03 3.967052222222223534e+00 3.966136912442162071e-03 4.126440438583348774e-03 3.974391330167710734e+00 3.974507719476073397e+00
7.444444444444444503e-03 6.994539444444445309e+00 9.753087055572894071e-03 9.920239360663121730e-03 7.012032630781808606e+00 7.012155823200135529e+00
1.066666666666666805e-02 1.002202666666667064e+01 1.712296041490076262e-02 1.740178382144148481e-02 1.005219455225974379e+01 1.005250405893113275e+01
1.388888888888888812e-02 1.304951388888889063e+01 2.559210107534399051e-02 2.607827107097892769e-02 1.309440752646949235e+01 1.309503567001860702e+01
1.711111111111111166e-02 1.607700111111111596e+01 3.483421005469043014e-02 3.568746989537325415e-02 1.613833087502822394e+01 1.613941024955409631e+01
2.033333333333333520e-02 1.910448833333333951e+01 4.467296352345977162e-02 4.611163695310212252e-02 1.918370291350984047e+01 1.918539271432948823e+01
2.355555555555555527e-02 2.213197555555555951e+01 5.503298335148274628e-02 5.732632833758401908e-02 2.223032415081851454e+01 2.223281224820193458e+01
2.677777777777777882e-02 2.515946277777778306e+01 6.590229574841603710e-02 6.936255561194902552e-02 2.527803999411571212e+01 2.528154358448163563e+01
3.000000000000000236e-02 2.818695000000000661e+01 7.730687023694690629e-02 8.228173651881301454e-02 2.832672878866394939e+01 2.833149422431147713e+01
3.322222222222222243e-02 3.121443722222222661e+01 8.929459240894754846e-02 9.616034492966307745e-02 3.137629327144307112e+01 3.138259540593915276e+01
3.644444444444444597e-02 3.424192444444445016e+01 1.019258829515388987e-01 1.110812794616140853e-01 3.442665443112792900e+01 3.443479567864940805e+01
3.966666666666666952e-02 3.726941166666667726e+01 1.152687192062189642e-01 1.271296211551713740e-01 3.747774712644508810e+01 3.748805635599303088e+01
4.288888888888889306e-02 4.029689888888889726e+01 1.293964161739000751e-01 1.443910996921513590e-01 4.052951700055526629e+01 4.054234834080704530e+01
4.611111111111110966e-02 4.332438611111111726e+01 1.443870240655205084e-01 1.629521111142581136e-01 4.358191834745035464e+01 4.359764995071314786e+01
4.933333333333333320e-02 4.635187333333334436e+01 1.603235780016873391e-01 1.829005196868268013e-01 4.663491267118292427e+01 4.665394546770725270e+01
5.255555555555555675e-02 4.937936055555556436e+01 1.766531761633634567e-01 2.049682874406305033e-01 4.968846774273722389e+01 4.971122420584003265e+01
5.577777777777778029e-02 5.240684777777779146e+01 1.934334205282032815e-01 2.292868012163725155e-01 5.274255700840265604e+01 5.276947994365126249e+01
5.900000000000000383e-02 5.543433500000001146e+01 2.110685775347498905e-01 2.556522048358331189e-01 5.579715924109762426e+01 5.582871060816214737e+01
6.222222222222222043e-02 5.846182222222223146e+01 2.296175679806605474e-01 2.842184646817280669e-01 5.885225835498982860e+01 5.888891812750590304e+01
6.544444444444444398e-02 6.148930944444445856e+01 2.491428957889758600e-01 3.151490067618458735e-01 6.190784332524922462e+01 6.195010839211509079e+01
6.866666666666666752e-02 6.451679666666667856e+01 2.697104109171366004e-01 3.486170450369606155e-01 6.496390817153982766e+01 6.501229128136435520e+01
7.188888888888889106e-02 6.754428388888889856e+01 2.913889758641519112e-01 3.848055843515749697e-01 6.802045197571506208e+01 6.807548072538226336e+01
7.511111111111111460e-02 7.057177111111113277e+01 3.142500591743072613e-01 4.239071457102229212e-01 7.107747891354046033e+01 7.113969478089416043e+01
7.833333333333333814e-02 7.359925833333335277e+01 3.383672806819010281e-01 4.661232661014201861e-01 7.413499828653331747e+01 7.420495570711040045e+01
8.155555555555556169e-02 7.662674555555557276e+01 3.638159303040257031e-01 5.116638256701068199e-01 7.719302454523283075e+01 7.727129003214248826e+01
8.477777777777778523e-02 7.965423277777779276e+01 3.906724793477154289e-01 5.607462513666841009e-01 8.025157729827546405e+01 8.033872860436446217e+01
8.799999999999999489e-02 8.268172000000001276e+01 4.190141000330614984e-01 6.135946402528950072e-01 8.331068130417550321e+01 8.340730662554331332e+01
9.122222222222221844e-02 8.570920722222223276e+01 4.489182049000098873e-01 6.704388398409907301e-01 8.637036644448670586e+01 8.647706366410980650e+01
9.444444444444444198e-02 8.873669444444445276e+01 4.804620147849787415e-01 7.315135158036714103e-01 8.943066767819129836e+01 8.954804364819429452e+01
9.766666666666666552e-02 9.176418166666668697e+01 5.137221608331319356e-01 7.970572313110453333e-01 9.249162497755675361e+01 9.262029483884872150e+01
1.008888888888888891e-01 9.479166888888890696e+01 5.487743240292886071e-01 8.673115559213953052e-01 9.555328324641035920e+01 9.569386978457902160e+01
1.041111111111111126e-01 9.781915611111112696e+01 5.856929130906363135e-01 9.425202171454170053e-01 9.861569222228654041e+01 9.876882525771652865e+01
1.073333333333333361e-01 1.008466433333333470e+02 6.245507806580421484e-01 1.022928302627626129e+00 1.016789063633766403e+02 1.018452221745670130e+02
1.105555555555555597e-01 1.038741305555555812e+02 6.654189755279364960e-01 1.108781517709767961e+00 1.047429847216746737e+02 1.049231255001794523e+02
1.137777777777777832e-01 1.069016177777778012e+02 7.083665290088079214e-01 1.200325498905279398e+00 1.078079908037104673e+02 1.080026041389967730e+02
1.170000000000000068e-01 1.099291050000000212e+02 7.534602716374633191e-01 1.297805182416022607e+00 1.108739924198108184e+02 1.110837308127958210e+02
1.202222222222222303e-01 1.129565922222222554e+02 8.007646772682104341e-01 1.401464223394953912e+00 1.139410615230846702e+02 1.141665819266789015e+02
1.234444444444444400e-01 1.159840794444444612e+02 8.503417302144560264e-01 1.511544461640628834e+00 1.170092740389546009e+02 1.172512374242733415e+02
1.266666666666666774e-01 1.190115666666666954e+02 9.022508120763947925e-01 1.628285427131042740e+00 1.200787096862620729e+02 1.203377806326204507e+02
1.298888888888888871e-01 1.220390538888889154e+02 9.565486047551896576e-01 1.751923878787791100e+00 1.231494517903290102e+02 1.234262980981685587e+02
1.331111111111111245e-01 1.250665411111111496e+02 1.013289005403154919e+00 1.882693369458070753e+00 1.262201249623737738e+02 1.265183415397217175e+02
1.363333333333333341e-01 1.280940283333333696e+02 1.072523051616978140e+00 2.020823829750708178e+00 1.292892159020451572e+02 1.296156066640732547e+02
1.395555555555555438e-01 1.311215155555555611e+02 1.134298852459321161e+00 2.166541164211968074e+00 1.323591925857860758e+02 1.327158135810127249e+02
1.427777777777777812e-01 1.341490027777778096e+02 1.198661523921729088e+00 2.320066853124167050e+00 1.354300937321367826e+02 1.358191169280677002e+02
1.459999999999999909e-01 1.371764900000000296e+02 1.265653126616433255e+00 2.481617553980004498e+00 1.385019585960429538e+02 1.389256756538512434e+02
1.492222222222222283e-01 1.402039772222222496e+02 1.335312603834686751e+00 2.651404697440724156e+00 1.415748268250809474e+02 1.420356527266589524e+02
1.524444444444444380e-01 1.432314644444444696e+02 1.407675718488522465e+00 2.829634073857467236e+00 1.446487383165777771e+02 1.451492148308312551e+02
1.556666666666666754e-01 1.462589516666666896e+02 1.482774989124386877e+00 3.016505405824897679e+00 1.477237330765080685e+02 1.482665320502514703e+02
1.588888888888888851e-01 1.492864388888889096e+02 1.560639623097849871e+00 3.212211905178334881e+00 1.507998510789535942e+02 1.513877775402283703e+02
1.621111111111111225e-01 1.523139261111111580e+02 1.641295448054534978e+00 3.416939811934213367e+00 1.538771321276846322e+02 1.545131271876557264e+02
1.653333333333333321e-01 1.553414133333333496e+02 1.724764840906646057e+00 3.630867915007193858e+00 1.569556157193995034e+02 1.576427592597800924e+02
1.685555555555555696e-01 1.583689005555555980e+02 1.811066655775517509e+00 3.854167054032547668e+00 1.600353409084615919e+02 1.607768540428631354e+02
1.717777777777777792e-01 1.613963877777778180e+02 1.900216150769557633e+00 4.086999604073069392e+00 1.631163461739109266e+02 1.639155934706603261e+02
1.749999999999999889e-01 1.644238750000000095e+02 1.992224915090461623e+00 4.329518944688611093e+00 1.661986692883809553e+02 1.670591607441934627e+02
1.782222222222222263e-01 1.674513622222222580e+02 2.087100797767716287e+00 4.581868915592830938e+00 1.692823471901896824e+02 1.702077399422941539e+02
1.814444444444444360e-01 1.704788494444444780e+02 2.184847838875341175e+00 4.844183262610902929e+00 1.723674158578444349e+02 1.733615156247902860e+02
1.846666666666666734e-01 1.735063366666666980e+02 2.285466205068818368e+00 5.116585077939851622e+00 1.754539101876617337e+02 1.765206724297801770e+02
1.878888888888888831e-01 1.765338238888889180e+02 2.388952131103945220e+00 5.399186238277414063e+00 1.785418638751632727e+02 1.796853946644739892e+02
1.911111111111111205e-01 1.795613111111111380e+02 2.495297868395002894e+00 5.692086846924436117e+00 1.816313093003754489e+02 1.828558658922858626e+02
1.943333333333333302e-01 1.825887983333333580e+02 2.604491642898719483e+00 5.995374683867429333e+00 1.847222774178137570e+02 1.860322685162630592e+02
1.975555555555555676e-01 1.856162855555556064e+02 2.716517623282507898e+00 6.309124670207364005e+00 1.878147976500534355e+02 1.892147833620054485e+02
2.007777777777777772e-01 1.886437727777777980e+02 2.831355901558350929e+00 6.633398351779951518e+00 1.909088977885448912e+02 1.924035892585404781e+02
2.040000000000000147e-01 1.916712600000000464e+02 2.948982486715312046e+00 6.968243408821210849e+00 1.940046038980106857e+02 1.955988626228447345e+02
2.072222222222222243e-01 1.946987472222222664e+02 3.069369313812821076e+00 7.313693195765130994e+00 1.971019402283381510e+02 1.988007770456424055e+02
2.104444444444444340e-01 1.977262344444444579e+02 3.192484268538194225e+00 7.669766318116675308e+00 2.002009291331871452e+02 2.020095028820566938e+02
2.136666666666666714e-01 2.007537216666667064e+02 3.318291229314605406e+00 8.036466250936474154e+00 2.033015909935903096e+02 2.052252068509249057e+02
2.168888888888888811e-01 2.037812088888889264e+02 3.446750127056298574e+00 8.413781003887621068e+00 2.064039441524314213e+02 2.084480516385944213e+02
2.201111111111111185e-01 2.068086961111111464e+02 3.577817023221071757e+00 8.801682838382024698e+00 2.095080048529974874e+02 2.116781955168394234e+02
2.233333333333333282e-01 2.098361833333333664e+02 3.711444207224976921e+00 9.200128039686228831e+00 2.126137871885051993e+02 2.149157919700231503e+02
2.265555555555555656e-01 2.128636705555556148e+02 3.847580312653693824e+00 9.609056748766338529e+00 2.157213030594260488e+02 2.181609893364829702e+02
2.297777777777777752e-01 2.158911577777778064e+02 3.986170452744823400e+00 1.002839285615129583e+01 2.188305621377608645e+02 2.214139304671093100e+02
2.330000000000000127e-01 2.189186450000000548e+02 4.127156374359138624e+00 1.045804396127880409e+01 2.219415718434741791e+02 2.246747523985300461e+02
2.362222222222222223e-01 2.219461322222222748e+02 4.270476630801692153e+00 1.089790139776081546e+01 2.250543373272445535e+02 2.279435860472171669e+02
2.394444444444444597e-01 2.249736194444444948e+02 4.416066771816757885e+00 1.134784032718619429e+01 2.281688614645667315e+02 2.312205559227722631e+02
2.426666666666666694e-01 2.280011066666667148e+02 4.563859550454725245e+00 1.180771990086853052e+01 2.312851448573652249e+02 2.345057798638456745e+02
2.458888888888888791e-01 2.310285938888889348e+02 4.713785145562639833e+00 1.227738348986789063e+01 2.344031858471812200e+02 2.377993687959668421e+02
2.491111111111111165e-01 2.340560811111111548e+02 4.865771398423563099e+00 1.275665898216988658e+01 2.375229805355332644e+02 2.411014265148317861e+02
2.523333333333333539e-01 2.370835683333334032e+02 5.019744062325097289e+00 1.324535914546512139e+01 2.406445228138613288e+02 2.444120494948563191e+02
